"sample","time","fragment","avg_apd1","avg_apd5","avg_apd10","pos_start","pos_end","estimated_ti"
"pt108",0.25,"F1",0.002348344,0.002348344,0.00200346,2337,3309,0.69430578981019
"pt108",0.25,"F3",0.000793151,0.000715601,0.000715601,3689,4382,0.763040775420278
"pt108",1,"F2",0.004201164,0.002973449,0.002124953,2093,3702.5,0.771704827702398
"pt108",1,"F3",0.004529256,0.0030234525,0.002784741,3419,4733,0.949015054334702
"pt108",2,"F1",0.011647438,0.008141024,0.0061004175,2337,3765,1.15719221864649
"pt108",2,"F2",0.0071484205,0.0039623815,0.0022287865,2093,3711.5,0.918412134473313
"pt108",2,"F3",0.006797305,0.0041991125,0.0038890105,3419,4728.5,1.06191305300379
"pt116",0.75,"F1",0.0078551925,0.003360233,0.0010955155,2337,3679.5,0.968423401300894
"pt116",0.75,"F2",0.0110172085,0.0051903975,0.00219051,2093,3687.5,1.11099105251035
"pt116",0.75,"F3",0.0073639995,0.0022447425,0.001095239,3423.5,4724,1.09012173584388
"pt116",1.25,"F1",0.0125308135,0.0060767715,0.003646537,2337,3736.5,1.2011645164334
"pt116",1.25,"F2",0.017804937,0.011324953,0.007258249,2093,3743,1.44886777526155
"pt116",1.25,"F3",0.013591508,0.0087520855,0.0059003055,3437,4764.5,1.40011206071991
"pt116",2,"F1",0.0093436415,0.0093436415,0.005083177,1794,2422.5,1.04251479580825
"pt116",2,"F2",0.0201662345,0.0197335235,0.01779191,2093,3549.5,1.56640745893343
"pt116",2,"F3",0.019592168,0.019106467,0.016827096,3501.5,4517,1.69881041542638
"pt127",0.25,"F1",0.0017871715,0.001205622,0,2337,3681,0.66637197878665
"pt127",0.25,"F2",0.002019058,0.001607852,0.001607852,2093,3569,0.66308486389923
"pt127",0.25,"F3",0.001993936,0.0008891785,0.000773547,3419,4764.5,0.822812951123653
"pt127",0.75,"F1",0.0032759765,0.003012332,0.001151114,2337,3588,0.740481094113759
"pt127",0.75,"F2",0.005184209,0.005184209,0.005184209,2093,3620,0.82063843235629
"pt127",0.75,"F3",0.006254758,0.0039066,0.002150946,3419,4754,1.03490637436329
"pt127",1.5,"F3",0.004959172,0.004559975,0.004559975,3524,4592,0.970415233958608
"pt135",0.083333333,"F1",0.001883853,0.001883853,0.001883853,2337,3525,0.671184550233883
"pt135",0.083333333,"F2",0,0,0,2954,3137,0.562581035544192
"pt135",0.083333333,"F3",0.001890982,0.00013684,0,3527,4691,0.817688149783392
"pt135",0.75,"F1",0.00837275,0.005042846,0.004907338,2337,3745.5,0.994186163016438
"pt135",0.75,"F2",0.0060303085,0.0040990725,0.0010432505,2697.5,3428,0.862755220937541
"pt135",0.75,"F3",0.003163782,0.0014479935,0.001327967,3419,4737.5,0.881045058168536
"pt135",1.25,"F1",0.0109620565,0.0051400595,0.0031951675,1641,2419.5,1.12307558374362
"pt135",1.25,"F3",0.0065541785,0.002553788,0.001365939,3419,4736,1.04981080332867
"pt170",0.5,"F1",0.004392164,0.00218506,0.0017605755,933,2281.5,0.796042210689924
"pt170",0.5,"F2",0.0041001675,0.003083018,0.002494907,2093,3629,0.766677465982002
"pt170",0.5,"F3",0.0029894245,0.0024061695,0.002212532,3423.5,4737.5,0.872365963138867
"pt170",1,"F1",0.005999244,0.00304333,0.002116861,891,2280,0.876038769715377
"pt170",1,"F2",0.0084306155,0.0053971035,0.004504306,2093,3654.5,0.982236703256224
"pt170",1,"F3",0.0085618995,0.0070708705,0.0066635605,3419,4745,1.14975030321862
"pt170",1.25,"F1",0.007586263,0.002812098,0,1209,1503,0.955036740636561
"pt170",1.25,"F2",0.010315585,0.0082617385,0.005040946,2123,3444.5,1.07606593009492
"pt170",1.25,"F3",0.009941039,0.005796212,0.003296987,3420.5,4721,1.21840053495324
"pt258",0.083333333,"F1",0.01137179,0.00955132,0.00955132,2337,3597,1.14347112728685
"pt258",0.083333333,"F2",0.01141043,0.009968135,0.009968135,2093,3735.5,1.13056466859345
"pt258",0.083333333,"F3",0.005991875,0.00521567,0.00521567,3419,4733,1.02182069385809
"pt258",0.5,"F1",0.01572714,0.01197435,0.01090434,2337,3603,1.36026992594747
"pt258",0.5,"F2",0.011682295,0.00988433,0.00988433,2093,3723.5,1.14409745135439
"pt258",0.5,"F3",0.005938725,0.0040356,0.0031377,3429.5,4761.5,1.01917501529063
"pt258",1,"F1",0.01208396,0.01099402,0.00775859,2337,3585,1.17892122898755
"pt258",1,"F2",0.01535144,0.01147106,0.010374335,2093,3728,1.32673862327206
"pt258",1,"F3",0.00859827,0.00626278,0.00490939,3515,4685,1.15156073882234
"pt313",0.5,"F1",0.02160365,0.0181056,0.016697545,1011,2206.5,1.65278839365204
"pt313",0.5,"F2",0.016546075,0.012600615,0.011617475,2093,3707,1.3862046668364
"pt313",0.5,"F3",0.00810544,0.006149215,0.00466724,3431,4725.5,1.12702885230486
"pt313",1,"F1",0.02096182,0.01760475,0.0157269,1269,1506,1.62083964718061
"pt313",1,"F2",0.0139495,0.01016667,0.008990295,2093,3746,1.25695343774294
"pt313",1,"F3",0.008530905,0.006138125,0.004438755,3419,4748,1.14820747190424
"pt313",1.5,"F1",0.01619769,0.00914996,0.00712236,1092,2175,1.38369276790271
"pt313",1.5,"F2",0.01888936,0.01213713,0.010565945,2093,3675.5,1.50284773178398
"pt313",1.5,"F3",0.01321183,0.00692831,0.00443375,3431,4764.5,1.38121260734007
"pt45",0.5,"F1",0.001537002,0,0,2337,3597,0.653919145590345
"pt45",0.5,"F2",0.00443159,0.001889953,0.001306985,2093,3707,0.783174877177222
"pt45",0.5,"F3",0.0027223015,0.001682729,0.001558291,3419,4733,0.859069225679278
"pt45",1,"F1",0.006813175,0.00367135,0.002917257,2337,3726,0.916554288099121
"pt45",1,"F2",0.005334468,0.002521206,0.0015152325,2093,3686,0.828117962287971
"pt45",1,"F3",0.004073712,0.0025971925,0.001452455,3419,4731.5,0.926339174798716
"pt45",1.75,"F1",0.0112125755,0.009893043,0.009450259,2337,3693,1.13554581420539
"pt45",1.75,"F2",0.0098076985,0.007906656,0.006571052,2093,3696.5,1.05078456739021
"pt45",1.75,"F3",0.0046424995,0.0032958495,0.002398544,3419,4733,0.954652042121245
"pt485",0.5,"F1",0.01604265,0.01199852,0.01199852,2337,3729,1.37597525134392
"pt485",0.5,"F2",0.01684462,0.012939245,0.012402105,2093,3720.5,1.40106551552735
"pt485",0.5,"F3",0.013786545,0.011596875,0.01094045,3419,4769,1.40982053128929
"pt485",1,"F3",0.011045615,0.010485575,0.00993506,3480.5,4715,1.27338365911763
"pt490",0.5,"F2",0.003080165,0.00241443,0.00135059,2093,3729.5,0.715904206282821
"pt490",0.5,"F3",0.00276665,0.00271877,0.00182629,3419,4751,0.861276786844833
"pt490",2,"F1",0.0203963,0.01013577,0.00779992,1119,1869,1.59268942811244
"pt490",2,"F2",0.015613635,0.00888166,0.005106715,2093,3722,1.33979005679975
"pt490",2,"F3",0.01069314,0.00437607,0.00273142,3419,4766,1.25583830534402
"pt93",0.5,"F1",0.0036753495,0.001359173,0.0011010205,924,2260.5,0.760360917002273
"pt93",0.5,"F3",0.0028160975,0.0010731955,0.0008260475,3419,4734.5,0.863738163909081
"pt93",1,"F1",0.008377594,0.003907859,0.00245796,855,2283,0.994427285631316
"pt93",1,"F3",0.005623533,0.0023535305,0.001082422,3419,4769,1.00348551916576
"pt93",1.5,"F1",0.01122558975,0.008225216,0.00485754125,882.75,2277,1.13619363212254
"pt93",1.5,"F3",0.01067327375,0.0065450505,0.00557484325,3419,4757,1.25484941142415
